e_all	E_all	time(sec)
0.362060	0.369745	0.100000	0.020768
0.343879	0.346000	0.100000	0.016454
0.340730	0.342852	0.100000	0.020145
0.338234	0.340355	0.100000	0.015763
0.335840	0.337960	0.100000	0.015753
0.333517	0.335638	0.100000	0.015918
0.331254	0.333377	0.100000	0.015776
0.329040	0.331167	0.100000	0.015824
0.326868	0.329002	0.100000	0.015839
0.324731	0.326875	0.100000	0.015938
0.322627	0.324782	0.100000	0.015999
0.320549	0.322719	0.100000	0.015928
0.318497	0.320684	0.100000	0.015950
0.316467	0.318673	0.100000	0.015963
0.314458	0.316685	0.100000	0.015949
0.312468	0.314718	0.100000	0.016124
0.310495	0.312771	0.100000	0.016001
0.308540	0.310843	0.100000	0.016119
0.306601	0.308932	0.100000	0.016020
0.304678	0.307039	0.100000	0.016150
0.302770	0.305162	0.100000	0.016208
0.300877	0.303302	0.100000	0.016114
0.298999	0.301457	0.100000	0.016168
0.297136	0.299628	0.100000	0.016132
0.295287	0.297815	0.100000	0.016093
0.293452	0.296017	0.100000	0.016185
0.291633	0.294234	0.100000	0.016170
0.289827	0.292467	0.100000	0.016286
0.288037	0.290716	0.100000	0.016162
0.286262	0.288980	0.100000	0.016155
0.284501	0.287259	0.100000	0.016188
0.282756	0.285555	0.100000	0.016201
0.281026	0.283866	0.100000	0.016174
0.279313	0.282194	0.100000	0.016185
0.277614	0.280538	0.100000	0.016258
0.275933	0.278899	0.100000	0.016235
0.274267	0.277276	0.100000	0.016209
0.272618	0.275670	0.100000	0.016330
0.270986	0.274082	0.100000	0.016195
0.269371	0.272510	0.100000	0.016279
0.267772	0.270957	0.100000	0.016171
0.266192	0.269421	0.100000	0.016288
0.264629	0.267902	0.100000	0.016285
0.263084	0.266402	0.100000	0.016262
0.261556	0.264920	0.100000	0.016310
0.260047	0.263457	0.100000	0.016278
0.258556	0.262011	0.100000	0.016243
0.257084	0.260585	0.100000	0.016272
0.255630	0.259176	0.100000	0.016392
0.254194	0.257787	0.100000	0.016277
0.252778	0.256417	0.100000	0.016343
0.251380	0.255065	0.100000	0.016397
0.250001	0.253732	0.100000	0.016325
0.248640	0.252418	0.100000	0.016298
0.247299	0.251123	0.100000	0.016405
0.245976	0.249847	0.100000	0.016379
0.244673	0.248589	0.100000	0.016390
0.243388	0.247351	0.100000	0.016381
0.242122	0.246131	0.100000	0.016385
0.240874	0.244930	0.100000	0.016490
0.239646	0.243748	0.100000	0.016366
0.238435	0.242584	0.100000	0.016514
0.237244	0.241438	0.100000	0.016408
0.236070	0.240311	0.100000	0.016560
0.234915	0.239201	0.100000	0.016429
0.233778	0.238110	0.100000	0.016485
0.232658	0.237036	0.100000	0.016484
0.231557	0.235980	0.100000	0.016474
0.230472	0.234941	0.100000	0.016512
0.229406	0.233920	0.100000	0.016501
0.228356	0.232915	0.100000	0.016564
0.227323	0.231927	0.100000	0.016527
0.226306	0.230956	0.100000	0.016583
0.225306	0.230000	0.100000	0.016628
0.224322	0.229061	0.100000	0.016585
0.223354	0.228137	0.100000	0.016639
0.222402	0.227229	0.100000	0.016595
0.221465	0.226335	0.100000	0.016571
0.220543	0.225457	0.100000	0.016635
0.219635	0.224593	0.100000	0.016546
0.218742	0.223743	0.100000	0.016612
0.217863	0.222907	0.100000	0.016599
0.216998	0.222085	0.100000	0.016643
0.216147	0.221276	0.100000	0.016693
0.215308	0.220480	0.100000	0.016702
0.214483	0.219697	0.100000	0.016665
0.213670	0.218926	0.100000	0.016668
0.212870	0.218167	0.100000	0.016675
0.212081	0.217419	0.100000	0.016745
0.211304	0.216683	0.100000	0.016791
0.210539	0.215959	0.100000	0.016792
0.209784	0.215245	0.100000	0.016765
0.209040	0.214541	0.100000	0.016851
0.208307	0.213847	0.100000	0.016779
0.207583	0.213164	0.100000	0.016790
0.206870	0.212490	0.100000	0.016751
0.206165	0.211825	0.100000	0.016799
0.205470	0.211169	0.100000	0.016789
0.204784	0.210521	0.100000	0.016783
0.204107	0.209882	0.100000	0.016772
0.203437	0.209251	0.100000	0.016756
0.202776	0.208628	0.100000	0.016945
0.202122	0.208012	0.100000	0.016790
0.201476	0.207403	0.100000	0.016819
0.200837	0.206801	0.100000	0.016887
0.200205	0.206206	0.100000	0.016869
0.199579	0.205617	0.100000	0.016918
0.198960	0.205035	0.100000	0.016798
0.198347	0.204458	0.100000	0.016999
0.197740	0.203887	0.100000	0.016858
0.197139	0.203321	0.100000	0.016871
0.196543	0.202761	0.100000	0.016808
0.195952	0.202206	0.100000	0.016884
0.195367	0.201655	0.100000	0.016855
0.194786	0.201109	0.100000	0.017179
0.194209	0.200567	0.100000	0.016883
0.193637	0.200030	0.100000	0.016880
0.193070	0.199496	0.100000	0.016922
0.192506	0.198966	0.100000	0.016945
0.191946	0.198440	0.100000	0.016890
0.191390	0.197917	0.100000	0.017119
0.190837	0.197398	0.100000	0.016021
0.190288	0.196882	0.100000	0.015948
0.189742	0.196368	0.100000	0.021928
0.189198	0.195858	0.100000	0.019739
0.188658	0.195350	0.100000	0.017232
0.188121	0.194845	0.100000	0.016998
0.187586	0.194343	0.100000	0.017157
0.187054	0.193842	0.100000	0.017315
0.186524	0.193344	0.100000	0.017017
0.185997	0.192849	0.100000	0.017217
0.185472	0.192355	0.100000	0.017018
0.184949	0.191863	0.100000	0.017173
0.184428	0.191373	0.100000	0.017109
0.183909	0.190885	0.100000	0.017146
0.183391	0.190398	0.100000	0.017352
0.182876	0.189914	0.100000	0.017182
0.182363	0.189431	0.100000	0.017275
0.181851	0.188949	0.100000	0.017148
0.181341	0.188469	0.100000	0.017260
0.180832	0.187990	0.100000	0.017234
0.180325	0.187513	0.100000	0.017329
0.179820	0.187037	0.100000	0.017339
0.179316	0.186563	0.100000	0.017076
0.178813	0.186089	0.100000	0.017426
0.178312	0.185617	0.100000	0.017245
0.177812	0.185147	0.100000	0.017278
0.177314	0.184677	0.100000	0.017092
0.176817	0.184209	0.100000	0.017419
0.176322	0.183742	0.100000	0.017180
0.175828	0.183277	0.100000	0.017153
0.175335	0.182813	0.100000	0.017214
0.174843	0.182349	0.100000	0.017465
0.174354	0.181888	0.100000	0.017166
0.173865	0.181427	0.100000	0.017468
0.173378	0.180968	0.100000	0.017078
0.172892	0.180510	0.100000	0.017339
0.172408	0.180053	0.100000	0.017331
0.171925	0.179598	0.100000	0.017361
0.171444	0.179144	0.100000	0.017291
0.170964	0.178691	0.100000	0.017259
0.170486	0.178240	0.100000	0.017269
0.170009	0.177791	0.100000	0.017306
0.169535	0.177343	0.100000	0.017279
0.169061	0.176896	0.100000	0.017299
0.168590	0.176451	0.100000	0.017427
0.168120	0.176008	0.100000	0.017389
0.167652	0.175566	0.100000	0.017489
0.167185	0.175126	0.100000	0.017461
0.166721	0.174688	0.100000	0.017370
0.166258	0.174251	0.100000	0.017474
0.165798	0.173817	0.100000	0.017352
0.165339	0.173384	0.100000	0.017599
0.164882	0.172953	0.100000	0.017394
0.164428	0.172524	0.100000	0.017540
0.163975	0.172097	0.100000	0.017378
0.163525	0.171672	0.100000	0.017543
0.163077	0.171249	0.100000	0.017485
0.162631	0.170829	0.100000	0.017419
0.162188	0.170410	0.100000	0.017664
0.161746	0.169994	0.100000	0.017317
0.161308	0.169580	0.100000	0.017494
0.160871	0.169168	0.100000	0.017334
0.160437	0.168759	0.100000	0.017598
0.160006	0.168352	0.100000	0.017439
0.159577	0.167948	0.100000	0.017663
0.159151	0.167546	0.100000	0.017560
0.158727	0.167146	0.100000	0.017425
0.158306	0.166749	0.100000	0.017717
0.157888	0.166355	0.100000	0.017452
0.157473	0.165963	0.100000	0.017637
0.157060	0.165574	0.100000	0.017440
0.156650	0.165188	0.100000	0.017703
0.156243	0.164804	0.100000	0.017403
0.155839	0.164424	0.100000	0.017487
0.155438	0.164046	0.100000	0.017500
0.155040	0.163671	0.100000	0.017440
0.154645	0.163298	0.100000	0.017706
0.154252	0.162929	0.100000	0.017459
0.153863	0.162563	0.100000	0.017692
0.153477	0.162199	0.100000	0.017389
0.153094	0.161839	0.100000	0.017578
0.152714	0.161481	0.100000	0.017673
0.152338	0.161127	0.100000	0.017435
0.151964	0.160775	0.100000	0.017673
0.151594	0.160427	0.100000	0.017521
0.151226	0.160082	0.100000	0.017718
0.150862	0.159739	0.100000	0.017441
0.150502	0.159400	0.100000	0.017489
0.150144	0.159064	0.100000	0.017423
0.149790	0.158731	0.100000	0.017339
0.149439	0.158401	0.100000	0.017333
0.149091	0.158074	0.100000	0.017380
0.148746	0.157751	0.100000	0.017304
0.148405	0.157430	0.100000	0.017527
0.148067	0.157113	0.100000	0.017318
0.147732	0.156799	0.100000	0.017405
0.147401	0.156488	0.100000	0.017319
0.147072	0.156180	0.100000	0.017470
0.146747	0.155875	0.100000	0.017349
0.146426	0.155573	0.100000	0.017373
0.146107	0.155275	0.100000	0.017366
0.145792	0.154979	0.100000	0.017414
0.145480	0.154687	0.100000	0.017425
0.145171	0.154398	0.100000	0.017414
0.144865	0.154111	0.100000	0.021193
0.144563	0.153828	0.100000	0.017498
0.144264	0.153548	0.100000	0.017374
0.143968	0.153271	0.100000	0.019990
0.143675	0.152997	0.100000	0.017455
0.143386	0.152726	0.100000	0.017374
0.143099	0.152458	0.100000	0.017430
0.142816	0.152193	0.100000	0.017384
0.142535	0.151931	0.100000	0.017388
0.142258	0.151672	0.100000	0.017408
0.141984	0.151416	0.100000	0.017343
0.141713	0.151163	0.100000	0.017429
0.141445	0.150912	0.100000	0.017377
0.141179	0.150665	0.100000	0.017533
0.140917	0.150420	0.100000	0.017446
0.140658	0.150178	0.100000	0.017584
0.140402	0.149939	0.100000	0.017449
0.140148	0.149703	0.100000	0.017529
0.139898	0.149469	0.100000	0.017402
0.139650	0.149239	0.100000	0.017490
0.139405	0.149010	0.100000	0.017518
0.139163	0.148785	0.100000	0.017451
0.138924	0.148562	0.100000	0.017506
0.138688	0.148342	0.100000	0.017504
0.138454	0.148124	0.100000	0.017409
0.138223	0.147909	0.100000	0.017501
0.137994	0.147696	0.100000	0.017427
0.137769	0.147486	0.100000	0.017539
0.137545	0.147279	0.100000	0.017441
0.137325	0.147073	0.100000	0.017555
0.137107	0.146871	0.100000	0.017420
0.136891	0.146670	0.100000	0.017531
0.136678	0.146472	0.100000	0.017509
0.136467	0.146276	0.100000	0.017478
0.136259	0.146083	0.100000	0.025403
0.136053	0.145892	0.100000	0.017475
0.135850	0.145703	0.100000	0.017485
0.135649	0.145516	0.100000	0.017495
0.135450	0.145332	0.100000	0.017506
0.135253	0.145149	0.100000	0.017487
0.135059	0.144969	0.100000	0.017557
0.134867	0.144791	0.100000	0.017550
0.134677	0.144615	0.100000	0.017552
0.134490	0.144441	0.100000	0.017462
0.134304	0.144269	0.100000	0.017530
0.134121	0.144099	0.100000	0.017657
0.133940	0.143931	0.100000	0.017667
0.133760	0.143765	0.100000	0.017509
0.133583	0.143600	0.100000	0.017638
0.133408	0.143438	0.100000	0.017570
0.133234	0.143277	0.100000	0.017636
0.133063	0.143119	0.100000	0.017550
0.132894	0.142962	0.100000	0.017568
0.132726	0.142807	0.100000	0.017602
0.132560	0.142653	0.100000	0.017562
0.132397	0.142502	0.100000	0.017537
0.132235	0.142352	0.100000	0.017528
0.132074	0.142203	0.100000	0.017569
0.131916	0.142057	0.100000	0.017575
0.131759	0.141911	0.100000	0.017579
0.131604	0.141768	0.100000	0.017505
0.131451	0.141626	0.100000	0.017552
0.131299	0.141486	0.100000	0.017542
0.131149	0.141347	0.100000	0.017611
0.131000	0.141209	0.100000	0.017514
0.130853	0.141073	0.100000	0.017557
0.130708	0.140939	0.100000	0.017562
0.130564	0.140806	0.100000	0.017593
0.130422	0.140674	0.100000	0.017660
0.130281	0.140544	0.100000	0.017570
0.130142	0.140415	0.100000	0.017716
0.130004	0.140288	0.100000	0.017605
0.129867	0.140161	0.100000	0.017695
0.129732	0.140036	0.100000	0.017587
0.129599	0.139913	0.100000	0.017638
0.129466	0.139790	0.100000	0.017638
0.129335	0.139669	0.100000	0.017584
0.129206	0.139549	0.100000	0.017598
0.129077	0.139431	0.100000	0.017592
0.128950	0.139313	0.100000	0.017583
0.128824	0.139197	0.100000	0.017629
0.128700	0.139081	0.100000	0.017564
0.128576	0.138967	0.100000	0.017714
0.128454	0.138854	0.100000	0.017618
0.128333	0.138742	0.100000	0.017687
0.128214	0.138631	0.100000	0.017654
0.128095	0.138522	0.100000	0.017741
0.127978	0.138413	0.100000	0.017573
0.127861	0.138305	0.100000	0.017753
0.127746	0.138199	0.100000	0.017622
0.127632	0.138093	0.100000	0.017938
0.127519	0.137988	0.100000	0.017587
0.127407	0.137884	0.100000	0.025689
0.127296	0.137782	0.100000	0.017669
0.127186	0.137680	0.100000	0.017620
0.127077	0.137579	0.100000	0.017598
0.126969	0.137479	0.100000	0.017656
0.126862	0.137380	0.100000	0.017600
0.126756	0.137281	0.100000	0.017728
0.126651	0.137184	0.100000	0.017679
0.126547	0.137087	0.100000	0.017643
0.126443	0.136992	0.100000	0.017609
0.126341	0.136897	0.100000	0.017718
0.126240	0.136803	0.100000	0.017621
0.126139	0.136710	0.100000	0.017762
0.126040	0.136617	0.100000	0.017658
0.125941	0.136526	0.100000	0.017629
0.125843	0.136435	0.100000	0.017703
0.125746	0.136345	0.100000	0.017653
0.125650	0.136255	0.100000	0.017714
0.125554	0.136167	0.100000	0.017679
0.125459	0.136079	0.100000	0.017722
0.125366	0.135992	0.100000	0.017733
0.125273	0.135905	0.100000	0.017698
0.125180	0.135819	0.100000	0.017756
0.125089	0.135734	0.100000	0.017637
0.124998	0.135650	0.100000	0.017696
0.124908	0.135566	0.100000	0.017617
0.124819	0.135483	0.100000	0.017758
0.124730	0.135401	0.100000	0.017585
0.124642	0.135319	0.100000	0.017773
0.124555	0.135238	0.100000	0.017591
0.124469	0.135157	0.100000	0.017765
0.124383	0.135077	0.100000	0.017732
0.124298	0.134998	0.100000	0.017713
0.124213	0.134919	0.100000	0.017651
0.124130	0.134841	0.100000	0.017756
0.124046	0.134764	0.100000	0.017688
0.123964	0.134687	0.100000	0.017763
0.123882	0.134611	0.100000	0.017698
0.123801	0.134535	0.100000	0.017710
0.123720	0.134460	0.100000	0.017706
0.123640	0.134385	0.100000	0.017776
0.123561	0.134311	0.100000	0.017741
0.123482	0.134237	0.100000	0.017744
0.123404	0.134164	0.100000	0.017709
0.123326	0.134091	0.100000	0.017760
0.123249	0.134019	0.100000	0.017686
0.123173	0.133948	0.100000	0.017728
0.123097	0.133877	0.100000	0.017694
0.123021	0.133806	0.100000	0.017758
0.122946	0.133736	0.100000	0.017723
0.122872	0.133667	0.100000	0.017746
0.122798	0.133598	0.100000	0.017705
0.122725	0.133529	0.100000	0.017736
0.122652	0.133461	0.100000	0.017865
0.122580	0.133393	0.100000	0.017658
0.122508	0.133326	0.100000	0.017753
0.122437	0.133259	0.100000	0.017691
0.122367	0.133193	0.100000	0.017758
0.122296	0.133127	0.100000	0.017817
0.122227	0.133062	0.100000	0.017707
0.122157	0.132997	0.100000	0.017749
0.122089	0.132932	0.100000	0.017768
0.122020	0.132868	0.100000	0.017793
0.121953	0.132804	0.100000	0.017715
0.121885	0.132741	0.100000	0.017677
0.121818	0.132678	0.100000	0.017798
0.121752	0.132616	0.100000	0.017717
0.121686	0.132554	0.100000	0.017759
0.121620	0.132492	0.100000	0.017777
0.121555	0.132431	0.100000	0.017766
0.121490	0.132370	0.100000	0.017701
0.121426	0.132309	0.100000	0.017763
0.121362	0.132249	0.100000	0.017762
0.121299	0.132189	0.100000	0.017797
0.121236	0.132130	0.100000	0.017774
0.121173	0.132071	0.100000	0.017733
0.121111	0.132012	0.100000	0.017718
0.121049	0.131954	0.100000	0.017772
0.120988	0.131896	0.100000	0.017718
0.120927	0.131838	0.100000	0.017794
0.120866	0.131781	0.100000	0.017835
0.120806	0.131724	0.100000	0.017795
0.120746	0.131667	0.100000	0.017748
0.120687	0.131611	0.100000	0.017731
0.120628	0.131555	0.100000	0.017834
0.120569	0.131500	0.100000	0.017760
0.120511	0.131445	0.100000	0.017701
0.120453	0.131390	0.100000	0.017761
0.120395	0.131335	0.100000	0.018431
0.120338	0.131281	0.100000	0.021460
0.120281	0.131227	0.100000	0.017774
0.120224	0.131173	0.100000	0.017701
0.120168	0.131120	0.100000	0.017734
0.120112	0.131067	0.100000	0.017772
0.120057	0.131014	0.100000	0.017944
0.120002	0.130962	0.100000	0.017927
0.119947	0.130910	0.100000	0.017772
0.119892	0.130858	0.100000	0.017854
0.119838	0.130807	0.100000	0.017759
0.119784	0.130755	0.100000	0.017789
0.119731	0.130705	0.100000	0.017718
0.119677	0.130654	0.100000	0.017731
0.119625	0.130604	0.100000	0.017987
0.119572	0.130554	0.100000	0.017767
0.119520	0.130504	0.100000	0.017845
0.119468	0.130454	0.100000	0.017735
0.119416	0.130405	0.100000	0.017887
0.119365	0.130356	0.100000	0.017834
0.119314	0.130308	0.100000	0.017892
0.119263	0.130259	0.100000	0.017817
0.119213	0.130211	0.100000	0.017825
0.119162	0.130163	0.100000	0.017935
0.119112	0.130116	0.100000	0.017877
0.119063	0.130068	0.100000	0.017770
0.119014	0.130021	0.100000	0.017853
0.118965	0.129974	0.100000	0.017744
0.118916	0.129928	0.100000	0.017934
0.118867	0.129882	0.100000	0.017925
0.118819	0.129836	0.100000	0.017856
0.118771	0.129790	0.100000	0.017775
0.118724	0.129744	0.100000	0.017868
0.118676	0.129699	0.100000	0.017824
0.118629	0.129654	0.100000	0.017822
0.118582	0.129609	0.100000	0.017798
0.118536	0.129564	0.100000	0.017933
0.118490	0.129520	0.100000	0.017750
0.118444	0.129476	0.100000	0.017831
0.118398	0.129432	0.100000	0.017827
0.118352	0.129388	0.100000	0.017797
0.118307	0.129345	0.100000	0.017891
0.118262	0.129302	0.100000	0.017963
0.118217	0.129259	0.100000	0.017855
0.118173	0.129216	0.100000	0.017863
0.118128	0.129174	0.100000	0.017897
0.118084	0.129131	0.100000	0.017861
0.118041	0.129089	0.100000	0.017851
0.117997	0.129047	0.100000	0.018032
0.117954	0.129006	0.100000	0.017824
0.117911	0.128964	0.100000	0.017904
0.117868	0.128923	0.100000	0.017828
0.117825	0.128882	0.100000	0.017953
0.117783	0.128841	0.100000	0.017785
0.117741	0.128801	0.100000	0.018084
0.117699	0.128760	0.100000	0.017931
0.117657	0.128720	0.100000	0.017854
0.117616	0.128680	0.100000	0.017727
0.117574	0.128640	0.100000	0.017873
0.117533	0.128601	0.100000	0.017778
0.117493	0.128561	0.100000	0.018020
0.117452	0.128522	0.100000	0.017844
0.117412	0.128483	0.100000	0.017894
0.117372	0.128445	0.100000	0.017847
0.117332	0.128406	0.100000	0.017991
0.117292	0.128368	0.100000	0.017812
0.117252	0.128329	0.100000	0.017943
0.117213	0.128291	0.100000	0.017822
0.117174	0.128254	0.100000	0.017847
0.117135	0.128216	0.100000	0.017836
0.117096	0.128179	0.100000	0.017869
0.117058	0.128141	0.100000	0.017820
0.117020	0.128104	0.100000	0.017936
0.116982	0.128067	0.100000	0.017775
0.116944	0.128031	0.100000	0.017813
0.116906	0.127994	0.100000	0.017891
0.116869	0.127958	0.100000	0.017863
0.116831	0.127922	0.100000	0.017771
0.116794	0.127886	0.100000	0.017836
0.116757	0.127850	0.100000	0.017799
0.116721	0.127814	0.100000	0.017854
0.116684	0.127779	0.100000	0.017772
0.116648	0.127743	0.100000	0.017846
0.116612	0.127708	0.100000	0.017831
0.116576	0.127673	0.100000	0.017883
0.116540	0.127639	0.100000	0.017913
0.116504	0.127604	0.100000	0.017833
0.116469	0.127570	0.100000	0.017817
0.116433	0.127535	0.100000	0.017900
0.116398	0.127501	0.100000	0.017843
0.116364	0.127467	0.100000	0.017955
0.116329	0.127433	0.100000	0.017916
0.116294	0.127400	0.100000	0.017795
0.116260	0.127366	0.100000	0.017815
0.116226	0.127333	0.100000	0.017833
0.116192	0.127300	0.100000	0.017824
0.116158	0.127267	0.100000	0.017801
0.116124	0.127234	0.100000	0.017791
0.116091	0.127201	0.100000	0.017837
0.116057	0.127169	0.100000	0.017832
0.116024	0.127136	0.100000	0.017836
0.115991	0.127104	0.100000	0.017930
0.115958	0.127072	0.100000	0.017883
0.115926	0.127040	0.100000	0.017791
0.115893	0.127008	0.100000	0.017766
0.115861	0.126977	0.100000	0.017838
0.115829	0.126945	0.100000	0.017991
0.115797	0.126914	0.100000	0.017800
0.115765	0.126883	0.100000	0.017128
0.115733	0.126852	0.100000	0.016211
0.115702	0.126821	0.100000	0.016986
0.115670	0.126790	0.100000	0.016246
0.115639	0.126760	0.100000	0.016419
0.115608	0.126729	0.100000	0.016535
0.115577	0.126699	0.100000	0.016300
0.115546	0.126669	0.100000	0.016582
0.115515	0.126639	0.100000	0.016286
0.115485	0.126609	0.100000	0.016314
0.115455	0.126579	0.100000	0.016419
0.115424	0.126549	0.100000	0.016388
0.115394	0.126520	0.100000	0.016617
0.115364	0.126490	0.100000	0.016299
0.115335	0.126461	0.100000	0.016645
0.115305	0.126432	0.100000	0.016231
0.115276	0.126403	0.100000	0.016659
0.115246	0.126374	0.100000	0.016237
0.115217	0.126346	0.100000	0.016360
0.115188	0.126317	0.100000	0.016563
0.115159	0.126289	0.100000	0.016234
0.115130	0.126260	0.100000	0.016603
0.115102	0.126232	0.100000	0.016388
0.115073	0.126204	0.100000	0.016307
0.115045	0.126176	0.100000	0.016741
0.115017	0.126148	0.100000	0.016313
0.114989	0.126120	0.100000	0.016500
0.114961	0.126093	0.100000	0.016292
0.114933	0.126065	0.100000	0.016581
0.114905	0.126038	0.100000	0.016704
0.114878	0.126011	0.100000	0.016227
0.114850	0.125984	0.100000	0.016599
0.114823	0.125957	0.100000	0.016171
0.114796	0.125930	0.100000	0.016684
0.114769	0.125903	0.100000	0.016169
0.114742	0.125877	0.100000	0.016383
0.114715	0.125850	0.100000	0.016508
0.114688	0.125824	0.100000	0.016299
0.114662	0.125798	0.100000	0.016551
0.114635	0.125772	0.100000	0.016432
0.114609	0.125746	0.100000	0.016259
0.114583	0.125720	0.100000	0.016528
0.114557	0.125694	0.100000	0.016346
0.114531	0.125668	0.100000	0.016613
0.114505	0.125643	0.100000	0.016474
0.114479	0.125617	0.100000	0.016725
0.114454	0.125592	0.100000	0.016216
0.114428	0.125567	0.100000	0.016279
0.114403	0.125541	0.100000	0.016656
0.114378	0.125516	0.100000	0.016178
0.114352	0.125491	0.100000	0.016351
0.114327	0.125467	0.100000	0.016243
0.114303	0.125442	0.100000	0.016383
0.114278	0.125417	0.100000	0.016374
0.114253	0.125393	0.100000	0.016346
0.114229	0.125368	0.100000	0.016558
0.114204	0.125344	0.100000	0.016144
0.114180	0.125320	0.100000	0.016667
0.114156	0.125296	0.100000	0.016544
0.114132	0.125272	0.100000	0.016345
0.114108	0.125248	0.100000	0.016990
0.114084	0.125224	0.100000	0.016353
0.114060	0.125201	0.100000	0.016432
0.114036	0.125177	0.100000	0.016156
0.114013	0.125154	0.100000	0.016358
0.113989	0.125130	0.100000	0.016569
0.113966	0.125107	0.100000	0.016271
0.113943	0.125084	0.100000	0.016697
0.113919	0.125061	0.100000	0.016468
0.113896	0.125038	0.100000	0.016699
0.113873	0.125015	0.100000	0.016299
0.113851	0.124992	0.100000	0.016301
0.113828	0.124969	0.100000	0.016644
0.113805	0.124947	0.100000	0.016266
0.113783	0.124924	0.100000	0.016494
0.113760	0.124902	0.100000	0.016530
0.113738	0.124880	0.100000	0.016535
0.113716	0.124857	0.100000	0.016234
0.113694	0.124835	0.100000	0.016400
0.113672	0.124813	0.100000	0.016505
0.113650	0.124791	0.100000	0.016172
0.113628	0.124769	0.100000	0.016517
0.113606	0.124748	0.100000	0.016286
0.113584	0.124726	0.100000	0.016345
0.113563	0.124704	0.100000	0.016372
0.113541	0.124683	0.100000	0.016578
0.113520	0.124662	0.100000	0.016707
0.113499	0.124640	0.100000	0.016217
0.113477	0.124619	0.100000	0.016610
0.113456	0.124598	0.100000	0.016388
0.113435	0.124577	0.100000	0.016382
0.113414	0.124556	0.100000	0.016739
0.113394	0.124535	0.100000	0.016192
0.113373	0.124514	0.100000	0.016321
0.113352	0.124493	0.100000	0.016324
0.113332	0.124473	0.100000	0.016228
0.113311	0.124452	0.100000	0.016454
0.113291	0.124432	0.100000	0.016337
0.113270	0.124411	0.100000	0.016437
0.113250	0.124391	0.100000	0.016270
0.113230	0.124371	0.100000	0.016612
0.113210	0.124351	0.100000	0.016211
0.113190	0.124331	0.100000	0.016346
0.113170	0.124311	0.100000	0.016455
0.113151	0.124291	0.100000	0.016288
0.113131	0.124271	0.100000	0.016504
0.113111	0.124251	0.100000	0.016331
0.113092	0.124231	0.100000	0.016373
0.113072	0.124212	0.100000	0.016401
0.113053	0.124192	0.100000	0.016226
0.113034	0.124173	0.100000	0.016474
0.113014	0.124153	0.100000	0.016316
0.112995	0.124134	0.100000	0.016299
0.112976	0.124115	0.100000	0.016519
0.112957	0.124096	0.100000	0.016443
0.112938	0.124077	0.100000	0.016513
0.112920	0.124058	0.100000	0.016456
0.112901	0.124039	0.100000	0.016718
0.112882	0.124020	0.100000	0.016335
0.112864	0.124001	0.100000	0.016315
0.112845	0.123983	0.100000	0.016764
0.112827	0.123964	0.100000	0.016215
0.112808	0.123945	0.100000	0.016755
0.112790	0.123927	0.100000	0.016440
0.112772	0.123908	0.100000	0.016786
0.112754	0.123890	0.100000	0.016309
0.112736	0.123872	0.100000	0.016450
0.112718	0.123854	0.100000	0.016663
0.112700	0.123836	0.100000	0.016256
0.112682	0.123818	0.100000	0.016673
0.112664	0.123800	0.100000	0.016309
0.112647	0.123782	0.100000	0.016480
0.112629	0.123764	0.100000	0.016885
0.112611	0.123746	0.100000	0.016398
0.112594	0.123728	0.100000	0.016791
0.112576	0.123711	0.100000	0.017012
0.112559	0.123693	0.100000	0.016421
0.112542	0.123676	0.100000	0.016582
0.112525	0.123658	0.100000	0.016337
0.112508	0.123641	0.100000	0.016393
0.112491	0.123623	0.100000	0.016410
0.112474	0.123606	0.100000	0.016431
0.112457	0.123589	0.100000	0.016464
0.112440	0.123572	0.100000	0.016337
0.112423	0.123555	0.100000	0.016737
0.112406	0.123538	0.100000	0.016311
0.112390	0.123521	0.100000	0.016565
0.112373	0.123504	0.100000	0.016487
0.112357	0.123487	0.100000	0.016606
0.112340	0.123470	0.100000	0.016392
0.112324	0.123454	0.100000	0.016316
0.112307	0.123437	0.100000	0.016628
0.112291	0.123421	0.100000	0.016378
0.112275	0.123404	0.100000	0.016969
0.112259	0.123388	0.100000	0.016393
0.112243	0.123371	0.100000	0.016213
0.112227	0.123355	0.100000	0.016664
0.112211	0.123339	0.100000	0.016290
0.112195	0.123322	0.100000	0.016270
0.112179	0.123306	0.100000	0.016296
0.112163	0.123290	0.100000	0.016302
0.112148	0.123274	0.100000	0.016311
0.112132	0.123258	0.100000	0.016416
0.112116	0.123242	0.100000	0.016519
0.112101	0.123227	0.100000	0.016292
0.112085	0.123211	0.100000	0.016291
0.112070	0.123195	0.100000	0.016377
0.112055	0.123179	0.100000	0.016268
0.112039	0.123164	0.100000	0.016545
0.112024	0.123148	0.100000	0.016223
0.112009	0.123133	0.100000	0.016806
0.111994	0.123117	0.100000	0.016385
0.111979	0.123102	0.100000	0.016264
0.111964	0.123086	0.100000	0.016574
0.111949	0.123071	0.100000	0.016206
0.111934	0.123056	0.100000	0.016433
0.111919	0.123041	0.100000	0.016413
0.111905	0.123026	0.100000	0.016401
0.111890	0.123011	0.100000	0.016351
0.111875	0.122996	0.100000	0.016267
0.111861	0.122981	0.100000	0.016683
0.111846	0.122966	0.100000	0.016309
0.111832	0.122951	0.100000	0.016394
0.111817	0.122936	0.100000	0.016522
0.111803	0.122921	0.100000	0.016291
0.111788	0.122907	0.100000	0.016436
0.111774	0.122892	0.100000	0.016349
0.111760	0.122877	0.100000	0.016724
0.111746	0.122863	0.100000	0.016182
0.111732	0.122848	0.100000	0.016480
0.111718	0.122834	0.100000	0.016565
0.111704	0.122819	0.100000	0.016219
0.111690	0.122805	0.100000	0.016557
0.111676	0.122791	0.100000	0.016278
0.111662	0.122776	0.100000	0.016616
0.111648	0.122762	0.100000	0.016280
0.111634	0.122748	0.100000	0.016583
0.111621	0.122734	0.100000	0.016368
0.111607	0.122720	0.100000	0.016321
0.111593	0.122706	0.100000	0.016428
0.111580	0.122692	0.100000	0.016291
0.111566	0.122678	0.100000	0.016525
0.111553	0.122664	0.100000	0.016372
0.111539	0.122650	0.100000	0.016247
0.111526	0.122637	0.100000	0.016432
0.111513	0.122623	0.100000	0.016284
0.111499	0.122609	0.100000	0.016798
0.111486	0.122596	0.100000	0.016419
0.111473	0.122582	0.100000	0.016319
0.111460	0.122568	0.100000	0.016771
0.111447	0.122555	0.100000	0.016422
0.111434	0.122541	0.100000	0.016505
0.111421	0.122528	0.100000	0.016308
0.111408	0.122515	0.100000	0.016265
0.111395	0.122501	0.100000	0.016645
0.111382	0.122488	0.100000	0.016284
0.111369	0.122475	0.100000	0.016860
0.111357	0.122462	0.100000	0.016370
0.111344	0.122449	0.100000	0.016445
0.111331	0.122435	0.100000	0.016583
0.111319	0.122422	0.100000	0.016212
0.111306	0.122409	0.100000	0.016457
0.111293	0.122396	0.100000	0.016304
0.111281	0.122384	0.100000	0.016405
0.111268	0.122371	0.100000	0.016502
0.111256	0.122358	0.100000	0.016196
0.111244	0.122345	0.100000	0.016332
0.111231	0.122332	0.100000	0.016262
0.111219	0.122320	0.100000	0.016360
0.111207	0.122307	0.100000	0.016136
0.111195	0.122294	0.100000	0.016420
0.111183	0.122282	0.100000	0.016520
0.111170	0.122269	0.100000	0.016293
0.111158	0.122257	0.100000	0.016490
0.111146	0.122244	0.100000	0.016254
0.111134	0.122232	0.100000	0.016486
0.111122	0.122219	0.100000	0.016384
0.111110	0.122207	0.100000	0.016243
0.111099	0.122195	0.100000	0.016678
0.111087	0.122182	0.100000	0.016230
0.111075	0.122170	0.100000	0.016367
0.111063	0.122158	0.100000	0.016256
0.111052	0.122146	0.100000	0.016375
0.111040	0.122134	0.100000	0.016410
0.111028	0.122122	0.100000	0.016439
0.111017	0.122109	0.100000	0.016630
0.111005	0.122097	0.100000	0.016223
0.110994	0.122086	0.100000	0.016455
0.110982	0.122074	0.100000	0.016252
0.110971	0.122062	0.100000	0.016328
0.110959	0.122050	0.100000	0.016637
0.110948	0.122038	0.100000	0.016223
0.110937	0.122026	0.100000	0.016504
0.110925	0.122015	0.100000	0.016299
0.110914	0.122003	0.100000	0.016232
0.110903	0.121991	0.100000	0.016476
0.110892	0.121980	0.100000	0.016351
0.110881	0.121968	0.100000	0.016542
0.110869	0.121956	0.100000	0.016184
0.110858	0.121945	0.100000	0.016632
0.110847	0.121933	0.100000	0.016222
0.110836	0.121922	0.100000	0.016523
0.110825	0.121910	0.100000	0.016419
0.110814	0.121899	0.100000	0.016225
0.110804	0.121888	0.100000	0.016546
0.110793	0.121876	0.100000	0.016301
0.110782	0.121865	0.100000	0.016687
0.110771	0.121854	0.100000	0.016284
0.110760	0.121843	0.100000	0.016428
0.110750	0.121831	0.100000	0.016456
0.110739	0.121820	0.100000	0.016313
0.110728	0.121809	0.100000	0.016502
0.110718	0.121798	0.100000	0.016379
0.110707	0.121787	0.100000	0.016262
0.110697	0.121776	0.100000	0.016571
0.110686	0.121765	0.100000	0.016218
0.110676	0.121754	0.100000	0.016461
0.110665	0.121743	0.100000	0.016313
0.110655	0.121732	0.100000	0.016565
0.110644	0.121722	0.100000	0.016178
0.110634	0.121711	0.100000	0.016311
0.110624	0.121700	0.100000	0.016531
0.110613	0.121689	0.100000	0.016178
0.110603	0.121678	0.100000	0.016597
0.110593	0.121668	0.100000	0.016291
0.110583	0.121657	0.100000	0.016383
0.110573	0.121647	0.100000	0.016640
0.110563	0.121636	0.100000	0.016158
0.110552	0.121625	0.100000	0.016254
0.110542	0.121615	0.100000	0.016302
0.110532	0.121604	0.100000	0.016523
0.110522	0.121594	0.100000	0.016401
0.110512	0.121583	0.100000	0.016374
0.110502	0.121573	0.100000	0.016525
0.110493	0.121563	0.100000	0.016324
0.110483	0.121552	0.100000	0.016681
0.110473	0.121542	0.100000	0.016247
0.110463	0.121532	0.100000	0.016457
0.110453	0.121521	0.100000	0.016501
0.110443	0.121511	0.100000	0.016184
0.110434	0.121501	0.100000	0.016692
0.110424	0.121491	0.100000	0.016301
0.110414	0.121481	0.100000	0.016338
0.110405	0.121471	0.100000	0.016411
0.110395	0.121460	0.100000	0.016392
0.110386	0.121450	0.100000	0.016522
0.110376	0.121440	0.100000	0.016328
0.110366	0.121430	0.100000	0.016457
